U D
D D
D D
D U
U U
U U
U U
{('R', 6, '70c710'): 'bend', ('L', 2, '5713f0'): 'line', ('R', 2, '59c680'): 'line', ('L', 5, '8ceee2'): 'bend', ('L', 1, '1b58a2'): 'line', ('R', 2, '7807d2'): 'line', ('L', 2, '015232'): 'line'}
(10, 7)
0 6 0 0 R
6 0 0 5 D
6 -2 5 0 L
4 0 5 2 D
4 2 7 0 R
6 0 7 2 D
6 -5 9 0 L
1 0 9 -2 U
1 -1 7 0 L
0 0 7 -2 U
0 2 5 0 R
2 0 5 -3 U
2 -2 2 0 L
0 0 2 -2 U
[[ 1 -1 -1 -1 -1 -1  1]
 [ 1  0  0  0  0  0  1]
 [ 1 -1 -1  0  0  0  1]
 [ 0  0  1  0  0  0  1]
 [ 0  0  1  0  0  0  1]
 [ 1 -1 -1  0  1 -1 -1]
 [ 1  0  0  0  1  0  0]
 [ 1 -1  0  0  1 -1 -1]
 [ 0  1  0  0  0  0  1]
 [ 0  1 -1 -1 -1 -1  1]]
